===============================================================================
|                                                                             |
|                                                                             |
|                                                                             |
|                                                                             |
|                                                                             |
|                                                                             |
|                                                                             |
|                                                                             |
|                                                                             |
|                               111    111                                    |
|                                111  111                                     |
|                                 111111                                      |
|                                  1111                                       |
|                                   11                                        |
|                                   11                                        |
|                                   11                                        |
|                                                                             |
|                                                                             |
|                                                                             |
|                                                                             |
|                                                                             |
|                                                                             |
===============================================================================